0.000000000	0
0.011609977	3
0.023219954	68
0.034829931	212
0.046439909	198
0.058049886	185
0.069659863	225
0.081269841	231
0.092879818	228
0.104489795	256
0.116099773	248
0.127709750	176
0.139319727	205
0.150929705	244
0.162539682	213
0.174149659	218
0.185759637	225
0.197369614	307
0.208979591	376
0.220589569	415
0.232199546	187
0.243809523	224
0.255419501	203
0.267029478	200
0.278639455	209
0.290249433	201
0.301859410	180
0.313469387	199
0.325079365	182
0.336689342	205
0.348299319	183
0.359909297	239
0.371519274	205
0.383129251	219
0.394739229	215
0.406349206	259
0.417959183	471
0.429569160	420
0.441179138	177
0.452789115	229
0.464399092	224
0.476009070	247
0.487619047	204
0.499229024	200
0.510839002	225
0.522448979	230
0.534058956	192
0.545668934	213
0.557278911	223
0.568888888	217
0.580498866	215
0.592108843	240
0.603718820	225
0.615328798	241
0.626938775	288
0.638548752	472
0.650158730	355
0.661768707	176
0.673378684	215
0.684988662	231
0.696598639	190
0.708208616	193
0.719818594	207
0.731428571	166
0.743038548	233
0.754648526	217
0.766258503	230
0.777868480	231
0.789478458	226
0.801088435	218
0.812698412	236
0.824308390	303
0.835918367	376
0.847528344	394
0.859138321	259
0.870748299	259
0.882358276	205
0.893968253	171
0.905578231	194
0.917188208	196
0.928798185	197
0.940408163	208
0.952018140	210
0.963628117	227
0.975238095	202
0.986848072	230
0.998458049	208
1.010068027	239
1.021678004	282
1.033287981	218
1.044897959	319
1.056507936	474
1.068117913	454
1.079727891	187
1.091337868	286
1.102947845	241
1.114557823	197
1.126167800	213
1.137777777	172
1.149387755	207
1.160997732	177
1.172607709	196
1.184217687	189
1.195827664	215
1.207437641	202
1.219047619	242
1.230657596	218
1.242267573	226
1.253877551	239
1.265487528	443
1.277097505	426
1.288707482	275
1.300317460	223
1.311927437	228
1.323537414	229
1.335147392	197
1.346757369	209
1.358367346	193
1.369977324	216
1.381587301	209
1.393197278	210
1.404807256	208
1.416417233	196
1.428027210	203
1.439637188	254
1.451247165	230
1.462857142	273
1.474467120	426
1.486077097	367
1.497687074	287
1.509297052	228
1.520907029	202
1.532517006	218
1.544126984	204
1.555736961	172
1.567346938	179
1.578956916	186
1.590566893	225
1.602176870	188
1.613786848	260
1.625396825	223
1.637006802	241
1.648616780	282
1.660226757	239
1.671836734	262
1.683446712	268
1.695056689	426
1.706666666	396
1.718276643	140
1.729886621	227
1.741496598	194
1.753106575	218
1.764716553	265
1.776326530	188
1.787936507	232
1.799546485	248
1.811156462	223
1.822766439	216
1.834376417	218
1.845986394	240
1.857596371	210
1.869206349	217
1.880816326	263
1.892426303	405
1.904036281	394
1.915646258	316
1.927256235	275
1.938866213	236
1.950476190	229
1.962086167	204
1.973696145	202
1.985306122	177
1.996916099	185
2.008526077	171
2.020136054	199
2.031746031	191
2.043356009	210
2.054965986	213
2.066575963	234
2.078185941	231
2.089795918	262
2.101405895	325
2.113015873	476
2.124625850	446
2.136235827	221
2.147845804	232
2.159455782	270
2.171065759	210
2.182675736	188
2.194285714	241
2.205895691	217
2.217505668	199
2.229115646	210
2.240725623	244
2.252335600	196
2.263945578	229
2.275555555	193
2.287165532	253
2.298775510	243
2.310385487	259
2.321995464	393
2.333605442	493
2.345215419	166
2.356825396	179
2.368435374	216
2.380045351	221
2.391655328	181
2.403265306	198
2.414875283	173
2.426485260	206
2.438095238	229
2.449705215	184
2.461315192	234
2.472925170	224
2.484535147	232
2.496145124	248
2.507755102	258
2.519365079	401
2.530975056	358
2.542585034	283
2.554195011	325
2.565804988	240
2.577414965	224
2.589024943	202
2.600634920	201
2.612244897	169
2.623854875	188
2.635464852	213
2.647074829	201
2.658684807	201
2.670294784	225
2.681904761	225
2.693514739	221
2.705124716	234
2.716734693	262
2.728344671	274
2.739954648	343
2.751564625	499
2.763174603	388
2.774784580	205
2.786394557	266
2.798004535	200
2.809614512	184
2.821224489	212
2.832834467	183
2.844444444	185
2.856054421	190
2.867664399	187
2.879274376	212
2.890884353	215
2.902494331	207
2.914104308	226
2.925714285	251
2.937324263	315
2.948934240	419
2.960544217	424
2.972154195	322
2.983764172	269
2.995374149	255
3.006984126	215
3.018594104	258
3.030204081	246
3.041814058	215
3.053424036	220
3.065034013	227
3.076643990	218
3.088253968	259
3.099863945	243
3.111473922	274
3.123083900	224
3.134693877	230
3.146303854	186
3.157913832	238
3.169523809	382
3.181133786	422
3.192743764	223
3.204353741	215
3.215963718	213
3.227573696	159
3.239183673	178
3.250793650	199
3.262403628	191
3.274013605	195
3.285623582	210
3.297233560	212
3.308843537	245
3.320453514	226
3.332063492	229
3.343673469	268
3.355283446	220
3.366893424	347
3.378503401	416
3.390113378	469
3.401723356	104
3.413333333	209
3.424943310	205
3.436553287	188
3.448163265	214
3.459773242	225
3.471383219	212
3.482993197	262
3.494603174	237
3.506213151	215
3.517823129	197
3.529433106	230
3.541043083	216
3.552653061	199
3.564263038	181
3.575873015	296
3.587482993	295
3.599092970	433
3.610702947	301
3.622312925	260
3.633922902	233
3.645532879	223
3.657142857	209
3.668752834	198
3.680362811	199
3.691972789	202
3.703582766	165
3.715192743	209
3.726802721	173
3.738412698	210
3.750022675	221
3.761632653	194
3.773242630	206
3.784852607	326
3.796462585	444
3.808072562	449
3.819682539	277
3.831292517	277
3.842902494	219
3.854512471	231
3.866122448	213
3.877732426	223
3.889342403	202
3.900952380	194
3.912562358	204
3.924172335	212
3.935782312	216
3.947392290	230
3.959002267	222
3.970612244	223
3.982222222	235
3.993832199	279
4.005442176	329
4.017052154	441
4.028662131	431
4.040272108	152
4.051882086	194
4.063492063	206
4.075102040	216
4.086712018	217
4.098321995	174
4.109931972	202
4.121541950	219
4.133151927	200
4.144761904	227
4.156371882	235
4.167981859	255
4.179591836	218
4.191201814	219
4.202811791	297
4.214421768	319
4.226031746	443
4.237641723	199
4.249251700	235
4.260861678	199
4.272471655	218
4.284081632	186
4.295691609	203
4.307301587	216
4.318911564	189
4.330521541	209
4.342131519	189
4.353741496	231
4.365351473	207
4.376961451	253
4.388571428	234
4.400181405	290
4.411791383	302
4.423401360	269
4.435011337	464
4.446621315	394
4.458231292	232
4.469841269	243
4.481451247	240
4.493061224	237
4.504671201	203
4.516281179	180
4.527891156	165
4.539501133	207
4.551111111	191
4.562721088	196
4.574331065	194
4.585941043	218
4.597551020	217
4.609160997	224
4.620770975	218
4.632380952	443
4.643990929	203
4.655600907	389
4.667210884	313
4.678820861	246
4.690430839	250
4.702040816	218
4.713650793	209
4.725260770	214
4.736870748	226
4.748480725	216
4.760090702	209
4.771700680	197
4.783310657	213
4.794920634	220
4.806530612	215
4.818140589	247
4.829750566	234
4.841360544	441
4.852970521	97
4.864580498	344
4.876190476	382
4.887800453	276
4.899410430	184
4.911020408	237
4.922630385	173
4.934240362	215
4.945850340	177
4.957460317	167
4.969070294	204
4.980680272	205
4.992290249	230
5.003900226	270
5.015510204	240
5.027120181	285
5.038730158	247
5.050340136	260
5.061950113	278
5.073560090	420
5.085170068	444
5.096780045	131
5.108390022	223
5.120000000	215
5.131609977	205
5.143219954	229
5.154829931	222
5.166439909	266
5.178049886	240
5.189659863	248
5.201269841	215
5.212879818	182
5.224489795	240
5.236099773	245
5.247709750	306
5.259319727	178
5.270929705	420
5.282539682	421
5.294149659	292
5.305759637	302
5.317369614	281
5.328979591	228
5.340589569	206
5.352199546	221
5.363809523	171
5.375419501	179
5.387029478	152
5.398639455	195
5.410249433	205
5.421859410	211
5.433469387	216
5.445079365	205
5.456689342	256
5.468299319	176
5.479909297	299
5.491519274	447
5.503129251	403
5.514739229	297
5.526349206	251
5.537959183	239
5.549569160	222
5.561179138	222
5.572789115	238
5.584399092	212
5.596009070	204
5.607619047	190
5.619229024	230
5.630839002	204
5.642448979	233
5.654058956	218
5.665668934	234
5.677278911	238
5.688888888	268
5.700498866	384
5.712108843	496
5.723718820	191
5.735328798	181
5.746938775	227
5.758548752	208
5.770158730	197
5.781768707	180
5.793378684	168
5.804988662	193
5.816598639	223
5.828208616	208
5.839818594	231
5.851428571	215
5.863038548	262
5.874648526	213
5.886258503	289
5.897868480	332
5.909478458	296
5.921088435	388
5.932698412	313
5.944308390	262
5.955918367	223
5.967528344	216
5.979138321	193
5.990748299	186
6.002358276	185
6.013968253	194
6.025578231	201
6.037188208	203
6.048798185	211
6.060408163	234
6.072018140	265
6.083628117	221
6.095238095	262
6.106848072	241
6.118458049	323
6.130068027	477
6.141678004	447
6.153287981	183
6.164897959	262
6.176507936	232
6.188117913	200
6.199727891	202
6.211337868	177
6.222947845	187
6.234557823	172
6.246167800	200
6.257777777	231
6.269387755	189
6.280997732	249
6.292607709	216
6.304217687	204
6.315827664	226
6.327437641	272
6.339047619	433
6.350657596	409
6.362267573	267
6.373877551	269
6.385487528	224
6.397097505	293
6.408707482	219
6.420317460	240
6.431927437	218
6.443537414	212
6.455147392	185
6.466757369	262
6.478367346	256
6.489977324	256
6.501587301	222
6.513197278	243
6.524807256	193
6.536417233	303
6.548027210	289
6.559637188	397
6.571247165	283
6.582857142	197
6.594467120	224
6.606077097	184
6.617687074	197
6.629297052	176
6.640907029	178
6.652517006	198
6.664126984	193
6.675736961	216
6.687346938	233
6.698956916	256
6.710566893	392
6.722176870	512
