0.011609977
0.255419501
0.371519274
0.487619047
0.592108843
0.719818594
0.824308390
0.940408163
1.044897959
1.160997732
1.277097505
1.381587301
1.486077097
1.602176870
1.706666666
1.892426303
2.113015873
2.194285714
2.310385487
2.426485260
2.530975056
2.647074829
2.751564625
2.856054421
2.960544217
3.065034013
3.181133786
3.297233560
3.390113378
3.517823129
3.633922902
3.761632653
3.900952380
4.109931972
4.226031746
4.318911564
4.423401360
4.551111111
4.632380952
4.876190476
5.050340136
5.224489795
5.340589569
5.468299319
5.735328798
5.839818594
5.932698412
6.037188208
6.153287981
6.257777777
6.373877551
6.478367346
6.582857142
6.698956916
6.791836734
6.907936507
7.035646258
7.140136054
7.279455782
